78 3.48
85 3.7
80 3.6
79 3.59
79 3.59
85 3.7
83 3.66
90 3.8
80 3.6
75 3.3
78 3.48
82 3.64
80 3.6
80 3.6
80 3.6
85 3.7
76 3.36
85 3.7
80 3.6
80 3.6
81 3.62
77 3.42
80 3.6
83 3.66
79 3.59
80 3.6
85 3.7
80 3.6
72 3.12
85 3.7
80 3.6
85 3.7
90 3.8
85 3.7
80 3.6
75 3.3
78 3.48
88 3.76
78 3.48
85 3.7
79 3.59
78 3.48
83 3.66
80 3.6
77 3.42
85 3.7
83 3.66
80 3.6
74 3.24
76 3.36
78 3.48
84 3.68
76 3.36
78 3.48
78 3.48
77 3.42
78 3.48
76 3.36
80 3.6
85 3.7
84 3.68
88 3.76
88 3.76
80 3.6
78 3.48
78 3.48
76 3.36
80 3.6
75 3.3
83 3.66
78 3.48
90 3.8
78 3.48
77 3.42
75 3.3
76 3.36
80 3.6
90 3.8
78 3.48
76 3.36
91 3.82
80 3.6
78 3.48
80 3.6
81 3.62
80 3.6
75 3.3
78 3.48
70 3.0
89 3.78
78 3.48
76 3.36
78 3.48
82 3.64
80 3.6
72 3.12
78 3.48
75 3.3
84 3.68
81 3.62
80 3.6
85 3.7
80 3.6
76 3.36
75 3.3
70 3.0
80 3.6
78 3.48
88 3.76
76 3.36
76 3.36
80 3.6
76 3.36
77 3.42
82 3.64
78 3.48
80 3.6
77 3.42
76 3.36
75 3.3
81 3.62
76 3.36
75 3.3
78 3.48
78 3.48
80 3.6
80 3.6
77 3.42
80 3.6
78 3.48
75 3.3
90 3.8
75 3.3
78 3.48
80 3.6
80 3.6
80 3.6
80 3.6
76 3.36
78 3.48
81 3.62
75 3.3
79 3.59
78 3.48
80 3.6
89 3.78
78 3.48
80 3.6
77 3.42
80 3.6
80 3.6
75 3.3
79 3.59
76 3.36
89 3.78
78 3.48
80 3.6
78 3.48
75 3.3
79 3.59
77 3.42
75 3.3
81 3.62
80 3.6
72 3.12
75 3.3
80 3.6
80 3.6
80 3.6
78 3.48
76 3.36
80 3.6
80 3.6
77 3.42
70 3.0
77 3.42
80 3.6
82 3.64
80 3.6
81 3.62
80 3.6
73 3.18
70 3.0
80 3.6
80 3.6
80 3.6
78 3.48
80 3.6
78 3.48
79 3.59
80 3.6
83 3.66
77 3.42
70 3.0
76 3.36
84 3.68
72 3.12
80 3.6
80 3.6
80 3.6
78 3.48
77 3.42
80 3.6
76 3.36
78 3.48
75 3.3
78 3.48
80 3.6
85 3.7
84 3.68
80 3.6
80 3.6
76 3.36
98 3.96
82 3.64
85 3.7
80 3.6
80 3.6
80 3.6
78 3.48
77 3.42
80 3.6
78 3.48
77 3.42
80 3.6
78 3.48
80 3.6
78 3.48
80 3.6
77 3.42
80 3.6
85 3.7
80 3.6
78 3.48
80 3.6
76 3.36
80 3.6
80 3.6
78 3.48
79 3.59
80 3.6
75 3.3
80 3.6
85 3.7
80 3.6
75 3.3
70 3.0
77 3.42
80 3.6
80 3.6
81 3.62
75 3.3
80 3.6
76 3.36
80 3.6
90 3.8
77 3.42
80 3.6
83 3.66
90 3.8
80 3.6
76 3.36
78 3.48
80 3.6
80 3.6
75 3.3
80 3.6
85 3.7
80 3.6
79 3.59
81 3.62
83 3.66
80 3.6
80 3.6
80 3.6
78 3.48
80 3.6
75 3.3
80 3.6
85 3.7
75 3.3
78 3.48
75 3.3
78 3.48
76 3.36
78 3.48
79 3.59
80 3.6
79 3.59
80 3.6
85 3.7
76 3.36
75 3.3
70 3.0
77 3.42
78 3.48
76 3.36
77 3.42
78 3.48
80 3.6
75 3.3
80 3.6
85 3.7
77 3.42
77 3.42
72 3.12
80 3.6
78 3.48
76 3.36
78 3.48
80 3.6
78 3.48
78 3.48
80 3.6
85 3.7
80 3.6
78 3.48
81 3.62
80 3.6
80 3.6
75 3.3
78 3.48
75 3.3
70 3.0
80 3.6
80 3.6
80 3.6
77 3.42
85 3.7
80 3.6
80 3.6
80 3.6
75 3.3
76 3.36
82 3.64
75 3.3
79 3.59
79 3.59
78 3.48
83 3.66
80 3.6
79 3.59
80 3.6
73 3.18
79 3.59
80 3.6
82 3.64
82 3.64
85 3.7
75 3.3
80 3.6
85 3.7
78 3.48
90 3.8
78 3.48
80 3.6
80 3.6
76 3.36
75 3.3
81 3.62
78 3.48
80 3.6
80 3.6
75 3.3
78 3.48
75 3.3
70 3.0
78 3.48
80 3.6
76 3.36
76 3.36
80 3.6
79 3.59
75 3.3
80 3.6
75 3.3
79 3.59
74 3.24
78 3.48
80 3.6
80 3.6
78 3.48
78 3.48
80 3.6
80 3.6
75 3.3
80 3.6
85 3.7
80 3.6
78 3.48
75 3.3
82 3.64
79 3.59
76 3.36
80 3.6
85 3.7
80 3.6
75 3.3
80 3.6
75 3.3
80 3.6
80 3.6
78 3.48
80 3.6
80 3.6
80 3.6
81 3.62
85 3.7
80 3.6
80 3.6
81 3.62
85 3.7
80 3.6
79 3.59
80 3.6
80 3.6
79 3.59
80 3.6
85 3.7
75 3.3
80 3.6
85 3.7
80 3.6
85 3.7
80 3.6
79 3.59
85 3.7
80 3.6
79 3.59
80 3.6
88 3.76
85 3.7
85 3.7
85 3.7
80 3.6
80 3.6
79 3.59
72 3.12
77 3.42
75 3.3
78 3.48
80 3.6
80 3.6
84 3.68
85 3.7
80 3.6
80 3.6
86 3.72
80 3.6
78 3.48
80 3.6
80 3.6
80 3.6
79 3.59
80 3.6
70 3.0
70 3.0
70 3.0
75 3.3
76 3.36
79 3.59
77 3.42
83 3.66
80 3.6
80 3.6
85 3.7
85 3.7
77 3.42
78 3.48
82 3.64
79 3.59
79 3.59
76 3.36
81 3.62
90 3.8
80 3.6
80 3.6
75 3.3
85 3.7
80 3.6
85 3.7
78 3.48
80 3.6
80 3.6
80 3.6
71 3.06
70 3.0
77 3.42
80 3.6
78 3.48
75 3.3
78 3.48
80 3.6
80 3.6
78 3.48
80 3.6
77 3.42
75 3.3
80 3.6
77 3.42
80 3.6
75 3.3
76 3.36
78 3.48
78 3.48
81 3.62
80 3.6
80 3.6
78 3.48
76 3.36
82 3.64
80 3.6
80 3.6
75 3.3
85 3.7
80 3.6
70 3.0
75 3.3
78 3.48
79 3.59
80 3.6
82 3.64
80 3.6
77 3.42
90 3.8
80 3.6
80 3.6
82 3.64
83 3.66
85 3.7
80 3.6
80 3.6
80 3.6
76 3.36
80 3.6
80 3.6
90 3.8
70 3.0
80 3.6
80 3.6
75 3.3
78 3.48
80 3.6
78 3.48
78 3.48
82 3.64
83 3.66
87 3.74
85 3.7
81 3.62
80 3.6
77 3.42
79 3.59
78 3.48
75 3.3
80 3.6
80 3.6
83 3.66
92 3.84
90 3.8
85 3.7
80 3.6
80 3.6
78 3.48
81 3.62
78 3.48
75 3.3
80 3.6
80 3.6
86 3.72
84 3.68
86 3.72
90 3.8
81 3.62
80 3.6
80 3.6
79 3.59
90 3.8
75 3.3
80 3.6
80 3.6
75 3.3
72 3.12
81 3.62
80 3.6
80 3.6
80 3.6
80 3.6
70 3.0
90 3.8
98 3.96
80 3.6
79 3.59
81 3.62
76 3.36
86 3.72
80 3.6
79 3.59
80 3.6
80 3.6
74 3.24
83 3.66
75 3.3
80 3.6
80 3.6
77 3.42
82 3.64
78 3.48
78 3.48
80 3.6
78 3.48
84 3.68
84 3.68
80 3.6
90 3.8
78 3.48
80 3.6
81 3.62
80 3.6
78 3.48
79 3.59
80 3.6
74 3.24
83 3.66
85 3.7
78 3.48
87 3.74
86 3.72
80 3.6
74 3.24
77 3.42
78 3.48
80 3.6
78 3.48
87 3.74
74 3.24
80 3.6
81 3.62
86 3.72
80 3.6
84 3.68
80 3.6
75 3.3
80 3.6
80 3.6
82 3.64
81 3.62
80 3.6
80 3.6
80 3.6
86 3.72
80 3.6
71 3.06
75 3.3
75 3.3
80 3.6
78 3.48
73 3.18
81 3.62
80 3.6
80 3.6
80 3.6
85 3.7
80 3.6
78 3.48
80 3.6
78 3.48
75 3.3
78 3.48
80 3.6
80 3.6
85 3.7
86 3.72
80 3.6
72 3.12
82 3.64
76 3.36
80 3.6
78 3.48
71 3.06
71 3.06
86 3.72
76 3.36
78 3.48
78 3.48
80 3.6
83 3.66
75 3.3
78 3.48
78 3.48
78 3.48
77 3.42
80 3.6
80 3.6
88 3.76
78 3.48
78 3.48
75 3.3
78 3.48
81 3.62
70 3.0
77 3.42
78 3.48
77 3.42
76 3.36
85 3.7
78 3.48
78 3.48
78 3.48
86 3.72
78 3.48
75 3.3
78 3.48
80 3.6
85 3.7
80 3.6
78 3.48
80 3.6
80 3.6
83 3.66
83 3.66
85 3.7
80 3.6
77 3.42
80 3.6
78 3.48
78 3.48
78 3.48
80 3.6
80 3.6
78 3.48
78 3.48
78 3.48
75 3.3
83 3.66
81 3.62
78 3.48
78 3.48
78 3.48
80 3.6
73 3.18
80 3.6
85 3.7
78 3.48
86 3.72
82 3.64
85 3.7
78 3.48
80 3.6
80 3.6
82 3.64
92 3.84
80 3.6
80 3.6
75 3.3
92 3.84
78 3.48
84 3.68
80 3.6
78 3.48
75 3.3
80 3.6
80 3.6
78 3.48
85 3.7
80 3.6
70 3.0
80 3.6
78 3.48
83 3.66
80 3.6
82 3.64
82 3.64
80 3.6
80 3.6
85 3.7
80 3.6
85 3.7
79 3.59
82 3.64
80 3.6
85 3.7
78 3.48
80 3.6
85 3.7
78 3.48
80 3.6
80 3.6
79 3.59
81 3.62
80 3.6
78 3.48
84 3.68
78 3.48
85 3.7
80 3.6
80 3.6
83 3.66
80 3.6
79 3.59
84 3.68
78 3.48
80 3.6
78 3.48
78 3.48
83 3.66
83 3.66
80 3.6
78 3.48
85 3.7
78 3.48
85 3.7
78 3.48
82 3.64
83 3.66
80 3.6
70 3.0
75 3.3
78 3.48
81 3.62
76 3.36
78 3.48
80 3.6
78 3.48
86 3.72
81 3.62
78 3.48
75 3.3
78 3.48
86 3.72
82 3.64
78 3.48
82 3.64
78 3.48
80 3.6
84 3.68
78 3.48
80 3.6
90 3.8
81 3.62
82 3.64
74 3.24
78 3.48
85 3.7
85 3.7
80 3.6
80 3.6
80 3.6
78 3.48
74 3.24
72 3.12
80 3.6
78 3.48
80 3.6
81 3.62
80 3.6
76 3.36
87 3.74
81 3.62
80 3.6
80 3.6
78 3.48
78 3.48
78 3.48
90 3.8
80 3.6
80 3.6
81 3.62
78 3.48
78 3.48
90 3.8
84 3.68
83 3.66
87 3.74
80 3.6
84 3.68
79 3.59
78 3.48
90 3.8
78 3.48
80 3.6
85 3.7
90 3.8
80 3.6
74 3.24
78 3.48
85 3.7
80 3.6
82 3.64
79 3.59
80 3.6
90 3.8
80 3.6
78 3.48
80 3.6
87 3.74
87 3.74
90 3.8
80 3.6
88 3.76
96 3.92
86 3.72
90 3.8
91 3.82
86 3.72
78 3.48
90 3.8
78 3.48
87 3.74
90 3.8
93 3.86
82 3.64
81 3.62
78 3.48
90 3.8
80 3.6
80 3.6
85 3.7
88 3.76
90 3.8
71 3.06
78 3.48
78 3.48
82 3.64
80 3.6
76 3.36
80 3.6
82 3.64
85 3.7
78 3.48
81 3.62
80 3.6
76 3.36
75 3.3
78 3.48
88 3.76
81 3.62
78 3.48
83 3.66
85 3.7
87 3.74
78 3.48
82 3.64
82 3.64
79 3.59
76 3.36
77 3.42
86 3.72
81 3.62
77 3.42
80 3.6
83 3.66
82 3.64
78 3.48
80 3.6
81 3.62
77 3.42
78 3.48
82 3.64
78 3.48
80 3.6
78 3.48
76 3.36
78 3.48
80 3.6
78 3.48
78 3.48
78 3.48
90 3.8
81 3.62
78 3.48
92 3.84
84 3.68
81 3.62
79 3.59
78 3.48
80 3.6
90 3.8
85 3.7
78 3.48
85 3.7
81 3.62
80 3.6
80 3.6
88 3.76
84 3.68
78 3.48
80 3.6
78 3.48
80 3.6
78 3.48
87 3.74
86 3.72
81 3.62
81 3.62
87 3.74
80 3.6
87 3.74
75 3.3
88 3.76
74 3.24
80 3.6
80 3.6
78 3.48
78 3.48
